10 30
5 2 2 2 2 2
52 2250 30 30 60 30 30 30 30 30 30 30 60 30 90 30 30 30 60 30 60 30 30 60 30 30 30 30 90 60 90 30 60 60 30 90 30 30 30 30 60 30 30 60 30 30 60 60 30 90 60 30 30 30
12 2250 120 120 210 60 210 300 210 210 510 120 60 120

1 4804 5930 5204 4701 4543 4379 4192 3390 3252 2810 2547 410 1752 1032 1220 1632 2686 3934 0 2423 2131 2424 4328 4589 3856 3817 4116 5614 5738 6017 5285 5131 4922 3845 5616 6123 4760 4985 5262 5498 5654 6580 6807 6287 6821 9253 8787 8965 14664 3077 3326 3356
2 7111 9218 9564 10447 10933 10769 10956 10835 12591 11602 9002 8498 8312 7874 7688 7275 7055 11214 8909 7318 7610 7576 7768 7794 6800 6540 6939 4876 5175 5454 5651 5705 5568 6100 5947 6454 7608 8191 14308 8704 13975 6911 3740 3964 3196 843 1315 1515 0 6464 6763 6080
3 7074 10979 11325 12208 12694 12530 12717 12596 14352 9373 9110 8607 8420 7982 7796 7384 7164 12975 9017 7426 7718 7684 7731 7757 6763 6504 6903 4839 5139 5417 5614 5668 5532 6063 5911 6417 7571 8154 8472 8667 8441 6874 3596 3927 3159 1128 1278 1479 4509 6427 6727 6043
4 7126 12142 12488 13372 13857 13693 13880 13759 15515 9588 9325 8822 8635 8197 8011 7599 7379 14138 9232 7641 7933 7899 8108 7653 7140 6881 6778 6002 6302 6581 6777 6832 6695 6167 7074 7580 7447 8049 8326 8562 8317 8038 4759 5091 4323 2291 2441 2642 5672 6805 7104 6420
5 6247 14711 15057 11143 10985 10822 10634 9475 9255 8708 8445 7942 7755 7318 7132 6719 6499 10377 8353 6761 7053 7019 7229 6773 6260 6001 5898 5110 5409 5688 5885 6573 5802 5288 6181 6688 6567 7169 7447 7682 7437 7145 5521 5513 6892 4861 5010 5211 8241 5925 6224 5540

1 3255 4148 3457 4157 2498 2574 2791 2061 1646 1331 1295 1830
2 11912 4192 4353 4253 6303 6379 6596 7149 7225 7170 7345 9039
3 12257 3477 3638 3538 5588 5664 5881 6434 6510 6455 6630 8324
4 9235 2963 3124 3024 5074 5150 5367 5919 5996 5941 6116 7809
5 9077 3037 2966 2866 4916 4992 5209 5762 5838 5783 5958 7652
6 8913 2641 2802 2702 4752 4828 5045 5598 5675 5619 5794 7488
7 8726 2454 2615 2515 4565 4641 4858 5411 5487 5432 5607 7301
8 7890 1690 2034 5142 3729 3805 4022 4575 4652 4596 4771 6465
9 7671 1379 1896 2922 3510 3586 3803 4355 4432 4377 4552 6245
10 7124 923 1454 4376 2963 3039 3256 3808 3885 3830 4005 5698
11 6861 661 1192 4113 2700 2776 2993 3546 3622 3567 3742 5436
12 6357 1463 946 3609 2197 2272 2489 3042 3119 3063 3238 4932
13 6171 121 396 3423 2010 2086 2303 2855 2932 2877 3052 4746
14 5733 839 322 2985 1572 1648 1865 2418 2494 2439 2614 4308
15 5547 653 136 2799 1386 1462 1679 2232 2309 2253 2428 4122
16 5134 983 466 2387 974 1049 1267 1819 1896 1840 2016 3709
17 4929 2036 1519 2630 768 844 1061 1613 1690 1635 1810 3503
18 8468 2196 2357 2257 4307 4383 4600 5153 5229 5174 5349 7043
19 6768 1874 1357 4020 2607 2683 2900 3453 3530 3474 3649 5343
20 5191 1774 1257 3013 1030 1106 1323 1875 1952 1897 2072 3765
21 5483 1482 965 2721 1322 1398 1615 2167 2244 2189 2364 4057
22 5449 1775 1257 3014 1288 1364 1581 2133 2210 2155 2330 4023
23 5054 3064 2372 3072 1588 1663 1881 1931 2011 1956 1935 3629
24 4378 4166 3474 4174 2515 2591 2808 2401 2481 2426 2419 2953
25 4817 3105 2413 3113 1454 1530 1747 1340 1421 1365 1355 3392
26 3732 3194 2502 3202 1543 1619 1836 1429 2123 1808 1772 2307
27 3523 3493 2801 3501 1842 1918 2135 2329 1915 1600 1564 2098
28 1697 4783 4091 4791 3132 3208 3425 2695 2281 1966 1630 272
29 1997 5082 4391 5091 3432 3508 3725 2995 2580 2265 1930 572
30 2276 5361 4669 5370 3711 3786 4004 3274 2859 2544 2208 850
31 2473 4326 3634 4335 2676 2751 2969 2239 1824 1509 1473 1047
32 2527 4172 3480 4180 2521 2597 2814 2084 1670 1355 1319 1101
33 2390 3878 3186 3887 2227 2303 2520 1790 1376 1061 1025 965
34 2922 3189 2498 3198 1539 1615 1832 1102 687 372 336 1496
35 2769 4878 4186 4887 3228 3303 3521 2791 2376 2061 2025 1343
36 3275 5385 4693 5393 3734 3810 4027 3297 2882 2568 2532 1850
37 4142 4137 3445 4145 2486 2562 2779 2948 2533 2218 2182 2717
38 4775 4562 3870 4571 2912 2987 3205 2798 2878 2823 2815 3349
39 5007 4839 4148 4848 3189 3265 3482 3075 3398 3083 3047 3581
40 5348 5075 4383 5084 3425 3500 3718 3311 3391 3336 3389 3923
41 4976 5869 5177 5877 4218 4294 4511 3781 3367 3052 3016 3550
42 3733 5842 5150 5850 4191 4267 4484 3754 3340 3025 2989 2307
43 1382 6089 5397 6098 4439 4514 4732 4002 3587 3272 2884 1444
44 1466 5631 4939 5639 3980 4056 4273 3543 3129 2814 2426 986
45 1396 6103 5411 6112 4452 4528 4745 4015 3601 3286 2898 1458
46 2330 7584 6893 7593 5934 6010 6932 5085 4671 4523 4592 3796
47 1864 7118 6426 7127 5468 5543 5199 4619 4205 4057 4126 3330
48 2041 7296 6604 7305 5646 5721 5377 4797 4382 4235 4304 3508
49 3178 8432 7741 8441 6782 6858 7780 5933 5519 5371 5440 4644
50 4155 2409 1717 2417 758 834 1051 1031 1112 1056 1036 2729
51 4709 2681 1990 2690 1313 1389 1606 1458 1464 1408 1590 3284
52 4079 2524 1832 2533 874 949 1167 760 840 785 774 2653
